75
12-05-2024 19-05-2024 5 2 101 20 102 5
12-01-2025 17-01-2025 3 3 103 32 104 10 105 2
1-06-2023 10-06-2023 7 3 106 3 107 2 108 2
12-05-2025 18-05-2025 8 3 109 10 110 2 111 40
13-05-2025 20-05-2025 2 3 112 10 113 5 114 3
14-05-2025 21-05-2025 10 3 115 5 116 1 117 22
15-05-2025 22-05-2025 9 3 118 4 119 1 120 3
16-05-2025 23-05-2025 4 3 121 2 122 3 123 5
17-05-2025 24-05-2025 6 3 124 11 125 1 126 1
18-05-2025 25-05-2025 2 3 127 3 128 3 129 10
19-05-2025 26-05-2025 10 3 130 7 131 7 132 2
20-05-2025 27-05-2025 4 3 133 14 134 1 135 9
21-05-2025 28-05-2025 3 3 136 10 137 1 138 3
22-05-2025 29-05-2025 9 3 139 6 140 7 141 10
23-05-2025 30-05-2025 5 3 142 9 143 6 144 8
24-05-2025 31-05-2025 6 3 145 12 146 10 147 18
25-05-2025 01-06-2025 1 3 148 14 149 2 150 3
26-05-2025 02-06-2025 3 3 151 5 152 9 153 7
27-05-2025 03-06-2025 10 3 154 6 155 5 156 8
28-05-2025 04-06-2025 8 3 157 3 158 14 159 10
29-05-2025 05-06-2025 2 3 160 3 161 3 162 3
30-05-2025 06-06-2025 9 3 163 20 164 16 165 4
31-05-2025 07-06-2025 5 3 166 10 167 11 168 8
01-06-2025 08-06-2025 4 3 169 17 170 5 171 12
02-06-2025 09-06-2025 3 3 172 4 173 9 174 7
03-06-2025 10-06-2025 10 3 175 7 176 2 177 8
01-01-2023 09-01-2023 7 3 178 2 156 2 119 2
24-01-2023 26-01-2023 1 2 130 3 146 3
01-02-2023 01-03-2023 6 4 107 2 147 3 121 1 145 4
09-02-2023 15-02-2023 2 3 129 1 160 4 123 1
25-02-2023 26-02-2023 9 2 117 3 161 2
04-03-2023 19-03-2023 4 2 181 4 179 3
15-03-2023 17-03-2023 8 2 118 4 158 3
11-04-2023 07-05-2023 5 3 168 3 128 1 134 4
08-05-2023 01-06-2023 6 2 110 1 141 1
29-05-2023 07-06-2023 3 1 164 4
25-06-2023 10-07-2023 7 3 185 4 104 2 173 3
20-07-2023 26-07-2023 8 2 109 2 158 4
10-08-2023 14-08-2023 1 2 118 1 198 2
16-08-2023 13-09-2023 2 1 127 2
08-09-2023 12-09-2023 5 1 185 3
15-09-2023 29-09-2023 9 3 159 4 192 2 143 1
17-09-2023 17-10-2023 1 4 135 1 179 1 141 2 119 1
01-10-2023 15-10-2023 6 4 165 4 150 4 162 3 155 3
30-10-2023 28-11-2023 5 4 119 1 188 3 173 1 118 1
18-11-2023 06-12-2023 4 1 124 2
26-11-2023 28-11-2023 8 2 177 1 186 1
09-12-2023 24-12-2023 3 2 195 4 179 2
02-01-2024 29-01-2024 7 3 111 4 159 2 135 2
10-01-2024 12-01-2024 2 4 152 4 174 3 116 4 191 1
28-01-2024 21-02-2024 9 1 113 3
21-02-2024 26-02-2024 10 3 124 2 142 2 119 1
05-03-2024 15-03-2024 2 2 154 2 195 4
16-03-2024 05-04-2024 6 2 178 4 178 3
30-03-2024 09-04-2024 1 3 106 1 144 3 168 1
22-04-2024 22-05-2024 8 2 154 1 145 2
01-05-2024 25-05-2024 5 3 195 1 137 4 118 1
19-05-2024 22-05-2024 3 4 175 1 132 4 174 4 179 3
03-06-2024 21-06-2024 9 4 159 2 132 1 163 3 115 4
28-06-2024 29-06-2024 4 4 102 1 141 2 191 1 168 2
03-07-2024 13-07-2024 3 3 159 2 102 4 177 4
29-07-2024 05-08-2024 1 4 197 3 193 4 180 4 161 1
14-08-2024 12-09-2024 7 1 189 3
06-09-2024 13-09-2024 5 1 151 2
24-09-2024 05-10-2024 9 3 109 3 196 4 176 3
12-10-2024 28-10-2024 2 3 166 4 177 2 118 3
25-10-2024 07-11-2024 10 2 189 4 104 3
19-11-2024 13-12-2024 8 2 161 1 160 2
10-12-2024 04-01-2025 1 4 199 2 174 2 120 2 128 1
01-01-2025 04-01-2025 4 2 138 4 133 4
19-01-2025 24-01-2025 3 2 160 3 146 3
27-01-2025 24-02-2025 2 4 200 3 154 2 165 1 129 4
11-02-2025 01-03-2025 7 3 112 4 197 1 187 3
02-07-2025 10-07-2025 5 3 160 7 161 2 162 4
15-08-2025 25-08-2025 9 2 125 5 130 3 140 6